20	-0.02381786715833667
20.290906698750476	-0.024849957824938596
20.586044732869844	-0.025939136127890228
20.885475648548283	-0.02708950499602114
21.189261887185914	-0.028305540059682777
21.49746679841394	-0.02959213089785928
21.810154653305165	-0.030954627694773196
22.12739065777668	-0.03239889412953567
22.449240966187475	-0.033931367466935924
22.77577269513385	-0.03555912698942287
23.107053937445478	-0.03728997211625229
23.44315377638505	-0.03913251180522037
23.784142300054445	-0.041096267133762465
24.130090616010463	-0.04319178932011414
24.481070866093134	-0.04543079589224641
24.837156241469714	-0.047826328254337636
25.1984209978975	-0.050392934570467895
25.56494047120865	-0.053146882707515
25.936791093020236	-0.0561064090010166
26.3140504066728	-0.05929200987446803
26.69679708340074	-0.06272678493178407
27.08511093873791	-0.06643684213207512
27.47907294916184	-0.07045177817369974
27.878765268980047	-0.07480525040732022
28.284271247461966	-0.07953566067330309
28.695675446220072	-0.08468697669506287
29.11306365684382	-0.09030972342193011
29.536522918790062	-0.09646218551128372
29.966141537533712	-0.10321187365275408
30.402009102982383	-0.1106373226224433
30.844216508158908	-0.1188303091219185
31.29285596815558	-0.1278986044639412
31.74802103936409	-0.1379694136218097
32.20980663898519	-0.14919370180595148
32.67830906482211	-0.16175167796071044
33.153626015361866	-0.17585979925298512
33.63585661014871	-0.1917797933493428
34.125101410453844	-0.2098303833501285
34.62146244024586	-0.23040266978530077
35.12504320746613	-0.2539805150036749
35.635948725613716	-0.2811678494672425
36.15428553564419	-0.31272567402323137
36.68016172818701	-0.3496228218590627
37.21368696608603	-0.3931065184061262
37.754972507267915	-0.4448018463420187
38.30413122794313	-0.5068540661141079
38.86127764614443	-0.5821355041827925
39.4265279456077	-0.6745513461001582
40.000000000000206	-0.7894994840024048
40.58181339750116	-0.9345742345987311
41.1720894657399	-1.1206617280340012
41.77095129709678	-1.363670952982086
42.37852377437204	-1.6872984130904125
42.9949335968281	-2.1274455630933975
43.62030930661056	-2.7391164311436436
44.25478131555359	-3.6062766183804773
44.89848193237519	-4.851419507603475
45.55154539026795	-6.6190257867627516
46.21410787489121	-8.880753049483536
46.88630755277036	-10.547789959883383
47.56828460010916	-9.619364556699818
48.260181232021196	-7.339433005641316
48.962141732186545	-5.378721120555405
49.674312482939705	-3.9729951207499656
50.39684199579528	-2.99429024232549
51.129880942417586	-2.3076283881270996
51.873582186040764	-1.8168665011604497
52.628100813345895	-1.4585133015480816
53.393594166801776	-1.191175770294024
54.17022187747612	-0.9876603427483137
54.95814589832399	-0.8298204930128068
55.75753053796041	-0.7053191421964335
56.56854249492426	-0.6056049359658522
57.39135089244048	-0.5246370801396747
58.226127313687975	-0.45807052521687774
59.073045837580466	-0.4027266071018294
59.932283075067765	-0.3562430905945777
60.804018205965114	-0.3168387564215849
61.68843301631817	-0.28315234703191394
62.58571193631152	-0.2541305953636124
63.49604207872855	-0.22894918362293137
64.41961327797075	-0.2069561429048734
65.35661812964459	-0.18763077479621537
66.3072520307241	-0.1705534615943063
67.27171322029778	-0.15538321708564018
68.25020282090806	-0.14184080936487464
69.2429248804921	-0.12969594233137527
70.25008641493265	-0.1187574266353364
71.27189745122783	-0.10886557582004008
72.30857107128878	-0.09988627539738615
73.36032345637442	-0.0917063216745182
74.42737393217246	-0.08422973315637217
75.50994501453623	-0.07737481353962905
76.60826245588666	-0.07107180062972329
77.72255529228926	-0.0652609760919658
78.85305589121582	-0.05989114100447446
80.00000000000082	-0.054918384689368605
81.16362679500274	-0.05030509134138095
82.34417893148023	-0.046019142043906
83.541902594194	-0.04203327996462414
84.75704754874454	-0.03832461463584336
85.98986719365665	-0.03487424788528415
87.24061861322157	-0.03166700964899882
88.50956263110764	-0.02869129698413153
89.79696386475084	-0.025939014457083243
91.10309078053635	-0.023405619069253314
92.42821574978288	-0.021090278379653826
93.77261510554118	-0.018996156960219945
95.13656920021877	-0.017130854360687175
96.52036246404286	-0.01550702818626326
97.92428346437356	-0.014143249830525395
99.34862496587989	-0.013065159523758751
100.79368399159105	-0.012307014091059276
102.25976188483567	-0.011913758860091495
103.74716437208203	-0.011943810158870471
105.25620162669229	-0.012472815595264919
106.78718833360406	-0.013598779719716791
108.34044375495276	-0.015449125122720897
109.9162917966485	-0.018190540163878666
111.51506107592134	-0.02204290550568011
113.13708498984903	-0.027299296401773976
114.78270178488147	-0.03435520656815738
116.45225462737648	-0.04375205145638561
118.14609167516147	-0.05624325920504192
119.86456615013608	-0.07289690195227427
121.60803641193078	-0.09525881714294449
123.3768660326369	-0.12561814844767993
125.17142387262359	-0.16744972173113992
126.99208415745765	-0.22616508186439965
128.83922655594208	-0.31039598414765335
130.71323625928977	-0.434128882017321
132.61450406144883	-0.6198087846447362
134.5434264405962	-0.9004296202943212
136.50040564181674	-1.3081061938983687
138.48584976098482	-1.805961570090264
140.50017282986593	-2.144876008923703
142.5437949024563	-2.0043369991473137
144.61714214257822	-1.52010797765639
146.7206469127495	-1.0359420689834968
148.8547478643456	-0.6772136952302268
151.01989002907314	-0.4309267462761812
153.216524911774	-0.2609238487626737
155.4451105845792	-0.13935055950729303
157.70611178243232	-0.04829301296520416
160.00000000000236	0.02340014025095405
162.3272535900062	0.08276922678176613
164.6883578629612	0.13441217074654377
167.08380518838874	0.18147322708313207
169.51409509748981	0.22622954014367225
171.97973438731407	0.27044929220868763
174.4812372264439	0.31562168175673677
177.01912526221608	0.363116354286082
179.5939277295025	0.4143067440041124
182.20618156107355	0.4706798065704083
184.85643149956664	0.5339492008532398
187.54523021108326	0.6061878532631666
190.27313840043846	0.6899982340961268
193.04072492808663	0.7887448943247932
195.84856692874806	0.9068852229868416
198.69724993176072	1.0504537575815023
201.58736798318304	1.2277875977753165
204.5195237696723	1.45063370788767
207.49432874416505	1.7358660600071418
210.5124032533856	2.1081797091968215
213.57437666720915	2.6043361816480486
216.68088750990657	3.2797826658036278
219.83258359329807	4.218479386818023
223.03012215184378	5.5448958194086755
226.2741699796992	7.423033292936511
229.5654035697641	9.929623813334565
232.90450925475412	12.200292281999557
236.2921833503241	11.623625308641639
239.72913230027333	9.084842683572829
243.21607282386276	6.838565155930954
246.75373206527502	5.231398752828676
250.34284774524843	4.120221549058142
253.9841683149166	3.353233860221901
257.67845311188546	2.8230568619407634
261.42647251858085	2.459095628989492
265.22900812289896	2.2159800547197883
269.08685288119375	2.065130849680346
273.0008112836349	1.9893800663119052
276.97169952197106	1.979789971034329
281.00034565973334	2.034005914496814
285.0875898049141	2.1557665770773404
289.23428428515797	2.355448018408305
293.44129382550057	2.6517496759915797
297.7094957286928	3.074880102733784
302.0397800581479	3.6718980242382164
306.4330498235497	4.515157880784009
310.89022116916016	5.714534399285783
315.41222356486645	7.429121008089291
320.00000000000654	9.831748151995228
324.6545071800142	12.65872567025988
329.3767157259242	13.473416656403105
334.16761037677935	11.02713154646202
339.02819019498156	8.33766411813716
343.95946877463007	6.345393628603906
348.9624744528898	4.946017670576545
354.03825052443415	3.9622715666585253
359.187855459007	3.26404565719702
364.4123631221491	2.7644070669891674
369.71286299913527	2.4062522787645424
375.0904604221685	2.152209374655059
380.54627680087896	1.9780186693430808
386.08144985617537	1.8683889689945086
391.6971338574982	1.814510405691184
397.3944998635236	1.8127002694025616
403.1747359663683	1.8638965771826423
409.0390475393468	1.9739008035587455
414.9886574883323	2.154439294708115
421.0248065067734	2.425298272531565
427.1487533344206	2.818019396841641
433.3617750198154	3.3819069728977156
439.6651671865984	4.193150277244624
446.06024430368984	5.366284495473287
452.54833995940066	7.055719914735507
459.13080713953053	9.360342438848326
465.8090185095106	11.659993902237902
472.58436670065066	11.561659708839452
479.45826460054917	9.194987292843486
486.432145647728	6.902379937287642
493.50746413055253	5.226448801285291
500.6856954904994	4.057200352326128
507.9683366298358	3.241426803249965
515.3569062237735	2.666651120380863
522.8529450371643	2.2581260579605167
530.4580162458005	1.967386380820756
538.1737057623901	1.7633125081451053
546.0016225672724	1.6262902503825825
553.9433990439449	1.544659400741515
562.0006913194694	1.5127346879622972
570.1751796098309	1.5299662096301987
578.4685685703187	1.6010702639379286
586.8825876510039	1.7372064629039763
595.4189914573883	1.9585418382962883
604.0795601162986	2.2988274292925888
612.8660996471021	2.8126612740873713
621.780442338323	3.5844293589861547
630.8244471297356	4.72733303690594
640.0000000000159	6.310045587720802
649.3090143600314	7.981608690833199
658.7534314518515	8.392618691642785
668.3352207535618	7.0149543591028545
678.0563803899662	5.269160268544338
687.9189375492632	3.9070303207978174
697.9249489057827	2.9592811714857508
708.0765010488715	2.31249855578113
718.3757109180171	1.8677635330504805
728.8247262443015	1.5583033319050348
739.425725998274	1.3419655438401772
750.1809208443404	1.1929493044604569
761.0925536017613	1.0963304568022165
772.1628997123541	1.0450982581904902
783.3942677149998	1.0391030636973784
794.7889997270506	1.085387412137888
806.34947193274	1.1982735798609383
818.0780950786972	1.3913442456613903
829.9773149766683	1.6367294025119332
842.0496130135506	1.7922424996981317
854.2975066688449	1.703399051246913
866.7235500396347	1.4624070211929512
879.3303343732008	1.2446508727621681
892.1204886073838	1.1099773403407311
905.0966799188055	1.0536601005802564
918.2616142790653	1.063958421870299
931.6180370190256	1.1381705165957638
945.1687334013056	1.2856865957540968
958.9165292011028	1.5306455049045835
972.8642912954606	1.91653511968932
987.0149282611097	2.5074491390050153
1001.3713909810035	3.35538440638837
1015.9366732596762	4.33489446588799
1030.7138124475518	4.853534342272567
1045.7058900743334	4.376644578143044
1060.916032491606	3.408767317299831
1076.3474115247852	2.5603961162416065
1092.0032451345498	1.9706617652922025
1107.8867980878947	1.5904432229860612
1124.0013826389438	1.355519979821279
1140.350359219667	1.2219549334791573
1156.9371371406426	1.1651405609562018
1173.765175302013	1.1749350384340997
1190.837982914782	1.2531036240022033
1208.1591202326028	1.4137616180963914
1225.73219929421	1.6868143495466958
1243.5608846766518	2.1232184850761047
1261.648894259477	2.79265876902035
1280.0000000000375	3.7282997782543417
1298.6180287200684	4.6989496787970015
1317.5068629037087	4.978366891782976
1336.6704415071292	4.250084765206071
1356.112760779938	3.2173273507836937
1375.8378750985323	2.3850563223330106
1395.8498978115715	1.8144477089233895
1416.153002097749	1.4395991149069862
1436.7514218360407	1.1964094601399768
1457.6494524886093	1.0424060166837024
1478.8514519965543	0.9526809371158769
1500.3618416886875	0.914474500249651
1522.1851072035295	0.9240492254784598
1544.3257994247153	0.9859141282169828
1566.788535430007	1.1142273560581595
1589.5779994541087	1.3360772822751683
1612.6989438654878	1.6934943098463124
1636.156190157402	2.226118845791401
1659.9546299533442	2.8733112089510504
1684.099226027109	3.2797779635437294
1708.5950133376978	3.038957058670869
1733.4471000792773	2.392333290348351
1758.6606687464096	1.7834679715921935
1784.2409772147755	1.3478204887989031
1810.193359837619	1.0594755812568588
1836.5232285581387	0.8715331158619855
1863.2360740380593	0.7497537426746177
1890.3374668026197	0.6729961252319736
1917.833058402214	0.6290567749854861
1945.7285825909298	0.611555994298242
1974.0298565222283	0.6182479798469978
2002.7427819620161	0.6504370009509133
2031.8733465193618	0.713338811227459
2061.4276248951132	0.8174957872428401
2091.411780148677	0.9815713166440014
2121.832064983222	1.2365228286436456
2152.694823049581	1.627644894703184
2184.0064902691106	2.1937080815460144
2215.7735961758003	2.8559854002604554
2248.002765277899	3.2249835185370834
2280.7007184393456	2.9284160712942784
2313.874274281297	2.2734955606506717
2347.530350604038	1.686082377973227
2381.6759658295764	1.2745182485578246
2416.318240465218	1.005513119362526
2451.4643985884327	0.8323644659081795
2487.1217693533167	0.7222224949137678
2523.2977885189675	0.6550934215830593
2560.0000000000887	0.6195690779715369
2597.236057440151	0.609824554872111
2635.0137258074315	0.6240389926579664
2673.340883014273	0.6639010541728927
2712.225521559891	0.7350577215178054
2751.6757501970797	0.848646063670305
2791.699795623158	1.0242729952346008
2832.3060041955137	1.2944424307871103
2873.502843672097	1.706519577941318
2915.2989049772345	2.298976864560104
2957.7029039931244	2.9783078440065216
3000.723683377391	3.3243043398632084
3044.370214407075	2.992762034208097
3088.6515988494466	2.346570068107744
3133.57707086003	1.798905948188719
3179.1559989082334	1.4380369272875761
3225.3978877309914	1.226953651738767
3272.3123803148205	1.122844668129542
3319.9092599067053	1.100091033659924
3368.198452054235	1.1493940470071184
3417.190026675413	1.2757312796658782
3466.8942001585724	1.4994815016952399
3517.3213374928373	1.8613545999747654
3568.4819544295697	2.429122933892498
3620.386719675257	3.2896906052146737
3673.0464571162966	4.447984641043924
3726.472148076138	5.462260422350824
3780.6749336052594	5.378082426155738
3835.6661168044484	4.29623216584121
3891.45716518188	3.168148370097888
3948.059713044477	2.353409680736413
4005.4855639240527	1.823212151503118
4063.746693038744	1.4905028479403721
4122.855249790247	1.2911682397789028
4182.823560297375	1.1879122841102774
4243.664129966465	1.163466471927321
4305.389646099183	1.2164047805437015
4368.012980538242	1.3611458039540993
4431.5471923516225	1.6316562807575028
4496.00553055582	2.0838124215711358
4561.401436878714	2.7662459838881865
4627.748548562617	3.5563869500933243
4695.060701208099	3.896532507207089
4763.351931659176	3.395381828106072
4832.63648093046	2.586723118359941
4902.928797176889	1.9420729300453683
4974.243538706657	1.5241041800275112
5046.595577037959	1.2748369175834529
5120.000000000202	1.1414806513855011
5194.472114880326	1.0938537929672716
5270.027451614888	1.120683896990598
5346.6817660285715	1.2267852187039314
5424.451043119808	1.4346186136289671
5503.351500394186	1.790317590772144
5583.399591246343	2.368348584563897
5664.612008391055	3.2346407564523716
5747.005687344222	4.21936712526407
5830.597809954497	4.55836288179648
5915.405807986278	3.8421795936754117
6001.447366754812	2.8597689038369216
6088.740428814181	2.1299660812524364
6177.303197698925	1.6772980199894763
6267.154141720092	1.4216976443935616
6358.3119978165005	1.3030064771410657
6450.795775462017	1.291739737709289
6544.624760629676	1.3838778940525085
6639.818519813445	1.6000882963466136
6736.396904108505	1.9922606666905318
6834.380053350861	2.653686679967268
6933.788400317181	3.6956296465266525
7034.642674985712	5.001907589223354
7136.963908859177	5.595122523937373
7240.773439350552	4.676979787769915
7346.092914232631	3.3471980239341423
7452.944296152315	2.363817951503143
7561.349867210557	1.7412978199203857
7671.332233608935	1.3583808805528377
7782.914330363799	1.1253287575469644
7896.119426088994	0.9903743280152334
8010.971127848146	0.9267768738334194
8127.49338607753	0.9241712292920503
8245.710499580537	0.9854035463974806
8365.647120594791	1.1283431474484098
8487.328259932974	1.3936399001308175
8610.77929219841	1.8595782530216118
8736.025961076528	2.6481155012089803
8863.094384703289	3.7849779617373542
8992.011061111683	4.559230530731501
9122.802873757471	3.9075431932587374
9255.497097125279	2.71648150784989
9390.121402416245	1.8522782197239533
9526.7038633184	1.3345246722774768
9665.272961860968	1.033523993147231
9805.857594353829	0.8615891241176152
9948.487077413367	0.7723890880882
10093.19115407597	0.7446405920215653
10240.000000000457	0.7732978263686678
10388.944229760706	0.8678041903316084
10540.05490322983	1.0572732458360046
10693.363532057198	1.4061021466208543
10848.902086239672	2.0452429577958253
11006.703000788428	3.1794422213612106
11166.799182492743	4.642818298800124
11329.224016782166	4.662124429794577
11494.0113746885	3.1513958532845527
11661.195619909053	1.9531887121442155
11830.811615972614	1.2748409327575847
12002.894733509682	0.8987188751588515
12177.48085762842	0.6836058557436033
12354.606395397908	0.5596681547031825
12534.308283440243	0.4941258898504546
12716.62399563306	0.4739880343917444
12901.591550924093	0.5003347760346143
13089.249521259411	0.5912568199992853
13279.637039626952	0.7979294965706356
13472.793808217073	1.2487541202064962
13668.760106701786	2.17927131973725
13867.576800634426	3.0878490661400932
14069.285349971487	2.21582335312993
14273.927817718419	1.1812970945166437
14481.54687870117	0.6653800184955113
14692.18582846533	0.41326886785918243
14905.888592304698	0.2769239657182133
15122.699734421185	0.19537416089402299
15342.664467217943	0.14227112029733824
15565.828660727671	0.10512287103261886
15792.238852178061	0.0774510409348067
16021.942255696367	0.055606288480951394
16254.986772155136	0.03735653486479018
16491.42099916115	0.02120190990849924
16731.294241189662	0.006004497966250355
16974.65651986603	-0.009247981147147755
17221.558584396902	-0.025641042086223642
17472.051922153143	-0.04457254225075502
17726.188769406665	-0.06814267874216484
17984.022122223458	-0.09993099122635174
18245.605747515034	-0.1467847800583948
18510.99419425065	-0.22356252290557935
18780.242804832582	-0.3681204680113434
19053.40772663689	-0.7016515990652805
19330.545923722028	-1.774335990889266
19611.71518870775	-6.965815434765649
19896.974154826825	-3.3574024174445567
20186.382308152035	-0.8875919216004267