20	5.983740698350223
20.290906698750476	6.014137819829849
20.586044732869844	6.044511225155493
20.885475648548283	6.07482141583145
21.189261887185914	6.1050108859983565
21.49746679841394	6.1350051696200145
21.810154653305165	6.164713748789483
22.12739065777668	6.194030843492648
22.449240966187475	6.222836113706499
22.77577269513385	6.250995314424225
23.107053937445478	6.278360953128675
23.44315377638505	6.304773007375179
23.784142300054445	6.3300597674369525
24.130090616010463	6.354038875292105
24.481070866093134	6.376518636400317
24.837156241469714	6.397299684458198
25.1984209978975	6.4161770812744345
25.56494047120865	6.432942933588833
25.936791093020236	6.447389605366391
26.3140504066728	6.459313596944838
26.69679708340074	6.46852015078948
27.08511093873791	6.474828626717531
27.47907294916184	6.478078666254539
27.878765268980047	6.478137135081639
28.284271247461966	6.474905792903956
28.695675446220072	6.468329589972568
29.11306365684382	6.458405427760335
29.536522918790062	6.4451911466944445
29.966141537533712	6.428814415278492
30.402009102982383	6.409481092276767
30.844216508158908	6.387482517734685
31.29285596815558	6.363201062115108
31.74802103936409	6.337113131985326
32.20980663898519	6.3097887069775584
32.67830906482211	6.281886386172035
33.153626015361866	6.254142884755682
33.63585661014871	6.227355992743343
34.125101410453844	6.202360254800029
34.62146244024586	6.179995137616089
35.12504320746613	6.161066299104149
35.635948725613716	6.146301791472523
36.15428553564419	6.136306517536889
36.68016172818701	6.131519700055451
37.21368696608603	6.132180972894616
37.754972507267915	6.138310359252408
38.30413122794313	6.149705575882237
38.86127764614443	6.165957152915678
39.4265279456077	6.1864787486875965
40.000000000000206	6.21054781811426
40.58181339750116	6.23735101369099
41.1720894657399	6.2660292313544765
41.77095129709678	6.295718513587353
42.37852377437204	6.325584512880624
42.9949335968281	6.354849520310008
43.62030930661056	6.382812021740703
44.25478131555359	6.408859355163553
44.89848193237519	6.432474373318047
45.55154539026795	6.453237147722675
46.21410787489121	6.470822754377306
46.88630755277036	6.484996110861534
47.56828460010916	6.495604725359005
48.260181232021196	6.502570093457912
48.962141732186545	6.505878352635333
49.674312482939705	6.505570685329983
50.39684199579528	6.501733853655184
51.129880942417586	6.494491153827294
51.873582186040764	6.483993996905685
52.628100813345895	6.470414253900965
53.393594166801776	6.453937446781976
54.17022187747612	6.434756821364338
54.95814589832399	6.413068302227048
55.75753053796041	6.389066302290564
56.56854249492426	6.362940339507473
57.39135089244048	6.334872398989937
58.226127313687975	6.305034969752567
59.073045837580466	6.273589680284873
59.932283075067765	6.240686455697178
60.804018205965114	6.206463120460966
61.68843301631817	6.17104537403084
62.58571193631152	6.134547071618812
63.49604207872855	6.097070748504158
64.41961327797075	6.058708332906118
65.35661812964459	6.019541998970716
66.3072520307241	5.979645117578225
67.27171322029778	5.939083268505591
68.25020282090806	5.897915283093683
69.2429248804921	5.856194291927717
70.25008641493265	5.81396875681822
71.27189745122783	5.771283470578047
72.30857107128878	5.72818051177408
73.36032345637442	5.684700144560658
74.42737393217246	5.640881655975631
75.50994501453623	5.596764124819946
76.60826245588666	5.552387117271166
77.72255529228926	5.507791304850904
78.85305589121582	5.463019000438519
80.00000000000082	5.418114607538947
81.16362679500274	5.3731249771822895
82.34417893148023	5.328099666106526
83.541902594194	5.283091089488315
84.75704754874454	5.2381545612866764
85.98986719365665	5.193348215473879
87.24061861322157	5.148732802505226
88.50956263110764	5.104371357531112
89.79696386475084	5.060328739841259
91.10309078053635	5.016671046926681
92.42821574978288	4.973464911351922
93.77261510554118	4.930776693868687
95.13656920021877	4.888671591700505
96.52036246404286	4.847212686694018
97.92428346437356	4.8064599639298615
99.34862496587989	4.766469336773945
100.79368399159105	4.727291717884632
102.25976188483567	4.688972176272594
103.74716437208203	4.6515492175520885
105.25620162669229	4.615054218521033
106.78718833360406	4.579511039449759
108.34044375495276	4.544935828780227
109.9162917966485	4.511337026092797
111.51506107592134	4.47871556108839
113.13708498984903	4.447065239081987
114.78270178488147	4.416373297237868
116.45225462737648	4.386621109709134
118.14609167516147	4.357785014524355
119.86456615013608	4.3298372309357065
121.60803641193078	4.302746832718824
123.3768660326369	4.276480740926834
125.17142387262359	4.251004699369348
126.99208415745765	4.226284197791623
128.83922655594208	4.20228531220824
130.71323625928977	4.178975439180827
132.61450406144883	4.156323908788246
134.5434264405962	4.134302468160822
136.50040564181674	4.1128856332295705
138.48584976098482	4.092050910889557
140.50017282986593	4.071778897571018
142.5437949024563	4.0520532628683235
144.61714214257822	4.032860629000894
146.7206469127495	4.014190358831337
148.8547478643456	3.9960342668694424
151.01989002907314	3.9783862690526153
153.216524911774	3.9612419884820587
155.4451105845792	3.944598336310849
157.70611178243232	3.9284530885087983
160.00000000000236	3.9128044793392993
162.3272535900062	3.897650831143524
164.6883578629612	3.8829902384363746
167.08380518838874	3.868820322458871
169.51409509748981	3.8551380696585613
171.97973438731407	3.841939764017407
174.4812372264439	3.829221019585768
177.01912526221608	3.8169769159043083
179.5939277295025	3.8052022344465595
182.20618156107355	3.7938917886089074
184.85643149956664	3.78304083412981
187.54523021108326	3.7726455418608675
190.27313840043846	3.7627035110574663
193.04072492808663	3.7532142978310135
195.84856692874806	3.7441799306945502
198.69724993176072	3.7356053836072913
201.58736798318304	3.7274989771174125
204.5195237696723	3.7198726811797482
207.49432874416505	3.712742298404483
210.5124032533856	3.7061275140793395
213.57437666720915	3.700051807564892
216.68088750990657	3.694542227332128
219.83258359329807	3.6896290392261615
223.03012215184378	3.6853452651528418
226.2741699796992	3.68172613487969
229.5654035697641	3.6788084758115334
232.90450925475412	3.676630066472151
236.2921833503241	3.675228981047677
239.72913230027333	3.6746429537534055
243.21607282386276	3.6749087904512523
246.75373206527502	3.6760618499838063
250.34284774524843	3.6781356115205144
253.9841683149166	3.6811613368940383
257.67845311188546	3.685167828777444
261.42647251858085	3.690181276658122
265.22900812289896	3.6962251721178876
269.08685288119375	3.703320264774659
273.0008112836349	3.7114845210529364
276.97169952197106	3.7207330433278463
281.00034565973334	3.7310779084203762
285.0875898049141	3.7425278899080516
289.23428428515797	3.7550880381984557
293.44129382550057	3.768759106912963
297.7094957286928	3.783536831947484
302.0397800581479	3.7994110847603038
306.4330498235497	3.816364933333916
310.89022116916016	3.834373650482295
315.41222356486645	3.853403710015648
320.00000000000654	3.873411809739355
324.6545071800142	3.894343956099665
329.3767157259242	3.916134641970095
334.16761037677935	3.938706147406764
339.02819019498156	3.9619679911984833
343.95946877463007	3.9858165608996377
348.9624744528898	4.010134948955269
354.03825052443415	4.034793020578161
359.187855459007	4.059647734841425
364.4123631221491	4.084543739763139
369.71286299913527	4.109314264746536
375.0904604221685	4.133782335918753
380.54627680087896	4.1577623411981435
386.08144985617537	4.181061975202743
391.6971338574982	4.203484595865483
397.3944998635236	4.224832021275036
403.1747359663683	4.24490778044924
409.0390475393468	4.263520801547427
414.9886574883323	4.280489479071985
421.0248065067734	4.295646010928228
427.1487533344206	4.3088408411740575
433.3617750198154	4.3199469938306985
439.6651671865984	4.32886404823687
446.06024430368984	4.33552149405397
452.54833995940066	4.339881217765083
459.13080713953053	4.34193890942999
465.8090185095106	4.341724234155096
472.58436670065066	4.3392996844803395
479.45826460054917	4.334758116195414
486.432145647728	4.32821906858773
493.50746413055253	4.319824070937185
500.6856954904994	4.309731218253571
507.9683366298358	4.298109345130259
515.3569062237735	4.2851321374241
522.8529450371643	4.27097250200897
530.4580162458005	4.255797464106369
538.1737057623901	4.239763801490073
546.0016225672724	4.223014563412554
553.9433990439449	4.205676568939031
562.0006913194694	4.187858934019039
570.1751796098309	4.169652633202923
578.4685685703187	4.151131058600584
586.8825876510039	4.132351486533781
595.4189914573883	4.113357300432773
604.0795601162986	4.094180753359736
612.8660996471021	4.074846001056414
621.780442338323	4.055372118283212
630.8244471297356	4.035775819690148
640.0000000000159	4.016073634045611
649.3090143600314	3.996283347863137
658.7534314518515	3.9764246461598822
668.3352207535618	3.956519023471199
678.0563803899662	3.936589171445211
687.9189375492632	3.916658142160698
697.9249489057827	3.896748648182209
708.0765010488715	3.8768828870482457
718.3757109180171	3.8570832720170376
728.8247262443015	3.837374394603592
739.425725998274	3.8177864397995456
750.1809208443404	3.798360124499205
761.0925536017613	3.779153043595069
772.1628997123541	3.760247088119115
783.3942677149998	3.7417563610427167
794.7889997270506	3.723834789460366
806.34947193274	3.706682495057526
818.0780950786972	3.6905500017162858
829.9773149766683	3.6757395916680125
842.0496130135506	3.6626035432636486
854.2975066688449	3.6515394206350664
866.7235500396347	3.642982872701419
879.3303343732008	3.6373984692114845
892.1204886073838	3.6352690094288063
905.0966799188055	3.637083543449204
918.2616142790653	3.643324128361331
931.6180370190256	3.6544512200993045
945.1687334013056	3.670887659998151
958.9165292011028	3.6930014693680837
972.8642912954606	3.7210881218456286
987.0149282611097	3.755353546201668
1001.3713909810035	3.7958997153387912
1015.9366732596762	3.84271497785487
1030.7138124475518	3.8956709550234017
1045.7058900743334	3.9545268316805657
1060.916032491606	4.018940520956793
1076.3474115247852	4.088485060877121
1092.0032451345498	4.16266810098784
1107.8867980878947	4.2409524667084
1124.0013826389438	4.322776374443676
1140.350359219667	4.407572599692621
1156.9371371406426	4.494786497469978
1173.765175302013	4.583893119801466
1190.837982914782	4.674413701996582
1208.1591202326028	4.765931508771849
1225.73219929421	4.858106538844788
1243.5608846766518	4.950688000646743
1261.648894259477	5.043522975417476
1280.0000000000375	5.136559547167402
1298.6180287200684	5.2298432360361
1317.5068629037087	5.323506736124159
1336.6704415071292	5.417754239214443
1356.112760779938	5.512842563651912
1375.8378750985323	5.609061574853551
1395.8498978115715	5.706716130417599
1416.153002097749	5.8061111817097295
1436.7514218360407	5.907540857430847
1457.6494524886093	6.011281602241499
1478.8514519965543	6.117588807432382
1500.3618416886875	6.226696001120126
1522.1851072035295	6.338815643842843
1544.3257994247153	6.454140866534074
1566.788535430007	6.572847821925971
1589.5779994541087	6.695098703421835
1612.6989438654878	6.821045813703514
1636.156190157402	6.950837393410687
1659.9546299533442	7.084626223267552
1684.099226027109	7.222582202921993
1708.5950133376978	7.3649098314087045
1733.4471000792773	7.511870465195819
1758.6606687464096	7.663807434037163
1784.2409772147755	7.82117016816414
1810.193359837619	7.984531732474425
1836.5232285581387	8.154592579285335
1863.2360740380593	8.332162874693601
1890.3374668026197	8.518116992421827
1917.833058402214	8.713317122965178
1945.7285825909298	8.91850880702365
1974.0298565222283	9.134199619388543
2002.7427819620161	9.360541434705963
2031.8733465193618	9.597242206896235
2061.4276248951132	9.843530206859263
2091.411780148677	10.098180273441518
2121.832064983222	10.359593325532424
2152.694823049581	10.62590630846065
2184.0064902691106	10.895105625629052
2215.7735961758003	11.165122374077427
2248.002765277899	11.43389821033014
2280.7007184393456	11.699421912188864
2313.874274281297	11.959745477779222
2347.530350604038	12.212993558262992
2381.6759658295764	12.457381174921304
2416.318240465218	12.691251259395091
2451.4643985884327	12.913135190244123
2487.1217693533167	13.12182785937401
2523.2977885189675	13.31645738351589
2560.0000000000887	13.49652423578671
2597.236057440151	13.66189061457892
2635.0137258074315	13.812716755035353
2673.340883014273	13.949357862065236
2712.225521559891	14.072243363390003
2751.6757501970797	14.181758486180243
2791.699795623158	14.278141152952903
2832.3060041955137	14.361399942986775
2873.502843672097	14.431256139476455
2915.2989049772345	14.48711488702851
2957.7029039931244	14.528076573663459
3000.723683377391	14.553005335728479
3044.370214407075	14.56066879744103
3088.6515988494466	14.549948093291658
3133.57707086003	14.520089516594497
3179.1559989082334	14.47093577069632
3225.3978877309914	14.4030574280317
3272.3123803148205	14.31772671880962
3319.9092599067053	14.21673651719661
3368.198452054235	14.102129858572054
3417.190026675413	13.975931776102371
3466.8942001585724	13.839958007258724
3517.3213374928373	13.695736174620373
3568.4819544295697	13.544536680787207
3620.386719675257	13.387483185668318
3673.0464571162966	13.225700181435375
3726.472148076138	13.060453658560432
3780.6749336052594	12.893243800422704
3835.6661168044484	12.72581388114822
3891.45716518188	12.560053850053734
3948.059713044477	12.39780204195361
4005.4855639240527	12.240586991574855
4063.746693038744	12.08939397535243
4122.855249790247	11.944553360954526
4182.823560297375	11.805802141047241
4243.664129966465	11.672487914873416
4305.389646099183	11.543826945524504
4368.012980538242	11.419126352783417
4431.5471923516225	11.297920198475861
4496.00553055582	11.180014375244049
4561.401436878714	11.06546612929552
4627.748548562617	10.954533861891464
4695.060701208099	10.847621030463445
4763.351931659176	10.745223909303089
4832.63648093046	10.647880619986022
4902.928797176889	10.556109598929217
4974.243538706657	10.470337594181892
5046.595577037959	10.39083504471855
5120.000000000202	10.317681268111139
5194.472114880326	10.2507768741468
5270.027451614888	10.189898768238239
5346.6817660285715	10.134772169617387
5424.451043119808	10.085130286405885
5503.351500394186	10.040745517546318
5583.399591246343	10.00144305835407
5664.612008391055	9.967132632184624
5747.005687344222	9.937895646895857
5830.597809954497	9.914139553435811
5915.405807986278	9.896797875334647
6001.447366754812	9.887492447479834
6088.740428814181	9.88851334471324
6177.303197698925	9.902483372338525
6267.154141720092	9.9316803790188
6358.3119978165005	9.977209878139256
6450.795775462017	10.038430861504839
6544.624760629676	10.112979657031298
6639.818519813445	10.197372164769133
6736.396904108505	10.287805037742247
6834.380053350861	10.380723002372276
6933.788400317181	10.472958520585447
7034.642674985712	10.561523864297993
7136.963908859177	10.643254064247095
7240.773439350552	10.714478169373685
7346.092914232631	10.770795125370617
7452.944296152315	10.806937262357714
7561.349867210557	10.816724508703794
7671.332233608935	10.793213479146502
7782.914330363799	10.729265268307932
7896.119426088994	10.6187913393881
8010.971127848146	10.458594464879507
8127.49338607753	10.250025370395221
8245.710499580537	9.999321286008543
8365.647120594791	9.716118812735667
8487.328259932974	9.410895099082772
8610.77929219841	9.092684645906862
8736.025961076528	8.767953575853012
8863.094384703289	8.440656033083714
8992.011061111683	8.112911985373987
9122.802873757471	7.785693651495625
9255.497097125279	7.459257395077058
9390.121402416245	7.133344401994109
9526.7038633184	6.807245639098175
9665.272961860968	6.479769010582183
9805.857594353829	6.149105431280265
9948.487077413367	5.812615523559075
10093.19115407597	5.466723827868182
10240.000000000457	5.107322276598981
10388.944229760706	4.731075036119667
10540.05490322983	4.337453100191357
10693.363532057198	3.930712765025272
10848.902086239672	3.5209855713331315
11006.703000788428	3.1240110393425358
11166.799182492743	2.7593512463401835
11329.224016782166	2.447024856308866
11494.0113746885	2.202838161839961
11661.195619909053	2.0336023901649125
11830.811615972614	1.934144504646564
12002.894733509682	1.8878244680026874
12177.48085762842	1.8710049852573543
12354.606395397908	1.8597782909450467
12534.308283440243	1.835944365523719
12716.62399563306	1.7898900246817848
12901.591550924093	1.7202772300493283
13089.249521259411	1.6318609878908554
13279.637039626952	1.532591072823591
13472.793808217073	1.4307661136031864
13668.760106701786	1.3330022740976293
13867.576800634426	1.2435089568662505
14069.285349971487	1.164390307539877
14273.927817718419	1.0964328772237106
14481.54687870117	1.0400504355920068
14692.18582846533	0.9958970259374466
14905.888592304698	0.9646227543220655
15122.699734421185	0.9455698131874303
15342.664467217943	0.9341862635895943
15565.828660727671	0.9186079471757901
15792.238852178061	0.8779088846254334
16021.942255696367	0.7858441925378771
16254.986772155136	0.6204686774764552
16491.42099916115	0.372946332079072
16731.294241189662	0.04875778151228878
16974.65651986603	-0.3370827094515282
17221.558584396902	-0.7654127920393776
17472.051922153143	-1.216927184041166
17726.188769406665	-1.6751390068774068
17984.022122223458	-2.128361151261179
18245.605747515034	-2.5703366328211383
18510.99419425065	-2.9998366060280546
18780.242804832582	-3.4188791528931155
19053.40772663689	-3.827649398340269
19330.545923722028	-4.21461324790456
19611.71518870775	-4.550496664873225
19896.974154826825	-4.8077120644722475
20186.382308152035	-5.00173227434116