20	75.6912646270882
20.290906698750476	75.88734397552038
20.586044732869844	76.08351374771328
20.885475648548283	76.27985158975159
21.189261887185914	76.47643159521213
21.49746679841394	76.6732997369312
21.810154653305165	76.87046325884549
22.12739065777668	77.06789604624026
22.449240966187475	77.26555368008367
22.77577269513385	77.4633907651836
23.107053937445478	77.66137426498295
23.44315377638505	77.85948708770778
23.784142300054445	78.05772325742868
24.130090616010463	78.25607940644522
24.481070866093134	78.45454760708938
24.837156241469714	78.65311196645679
25.1984209978975	78.8517488948083
25.56494047120865	79.0504285967629
25.936791093020236	79.24911486434301
26.3140504066728	79.44776281904392
26.69679708340074	79.64631613858522
27.08511093873791	79.84470660999035
27.47907294916184	80.0428581598755
27.878765268980047	80.24069416684773
28.284271247461966	80.4381442925318
28.695675446220072	80.63514696532658
29.11306365684382	80.83164613515885
29.536522918790062	81.02758568759259
29.966141537533712	81.22290537238113
30.402009102982383	81.41754153324297
30.844216508158908	81.61143275261458
31.29285596815558	81.80452627082637
31.74802103936409	81.99678047430163
32.20980663898519	82.18816320732574
32.67830906482211	82.37864782138982
33.153626015361866	82.56820989333184
33.63585661014871	82.75682581132605
34.125101410453844	82.94447264257599
34.62146244024586	83.13112796724783
35.12504320746613	83.31676891264875
35.635948725613716	83.50137086088985
36.15428553564419	83.68490705767358
36.68016172818701	83.86734980247326
37.21368696608603	84.04867257122739
37.754972507267915	84.22885158694072
38.30413122794313	84.40786553458611
38.86127764614443	84.58569384436825
39.4265279456077	84.76231561442512
40.000000000000206	84.93771067153183
40.58181339750116	85.11186315895714
41.1720894657399	85.28476554670335
41.77095129709678	85.45641934852036
42.37852377437204	85.62683131324725
42.9949335968281	85.79600837080642
43.62030930661056	85.96395573043763
44.25478131555359	86.13067825889637
44.89848193237519	86.29618170495222
45.55154539026795	86.46047109347003
46.21410787489121	86.6235478944786
46.88630755277036	86.7854070012013
47.56828460010916	86.9460337376731
48.260181232021196	87.10540096537052
48.962141732186545	87.2634651337568
49.674312482939705	87.42015857802416
50.39684199579528	87.57538058187359
51.129880942417586	87.72899492675515
51.873582186040764	87.88083620260947
52.628100813345895	88.03071872451798
53.393594166801776	88.17844380255096
54.17022187747612	88.32380716018058
54.95814589832399	88.46660831425062
55.75753053796041	88.60666096169606
56.56854249492426	88.74380230130001
57.39135089244048	88.87789973376557
58.226127313687975	89.00885460329702
59.073045837580466	89.1366025338118
59.932283075067765	89.26110892271767
60.804018205965114	89.38236080457436
61.68843301631817	89.50036164705602
62.58571193631152	89.61512857774154
63.49604207872855	89.72668863863964
64.41961327797075	89.83507602422732
65.35661812964459	89.94033030927864
66.3072520307241	90.04249430442835
67.27171322029778	90.14161202852712
68.25020282090806	90.23772933695474
69.2429248804921	90.33089971303723
70.25008641493265	90.4211971071558
71.27189745122783	90.50873659119748
72.30857107128878	90.59369930704452
73.36032345637442	90.67635277894314
74.42737393217246	90.7570582183198
75.50994501453623	90.83626327445721
76.60826245588666	90.91448078638521
77.72255529228926	90.99225486975092
78.85305589121582	91.07012079624474
80.00000000000082	91.14856689272628
81.16362679500274	91.2280071611673
82.34417893148023	91.30877060501635
83.541902594194	91.39110775576367
84.75704754874454	91.47520743776836
85.98986719365665	91.56121603169055
87.24061861322157	91.64925298352944
88.50956263110764	91.73941477141628
89.79696386475084	91.83176155860563
91.10309078053635	91.92628937403694
92.42821574978288	92.0228983106125
93.77261510554118	92.12137161069394
95.13656920021877	92.22137558359378
96.52036246404286	92.3224797760899
97.92428346437356	92.42419023137077
99.34862496587989	92.52598499349865
100.79368399159105	92.62734486945217
102.25976188483567	92.72777691302338
103.74716437208203	92.82682986437598
105.25620162669229	92.92410299122425
106.78718833360406	93.01924985257472
108.34044375495276	93.11197893849769
109.9162917966485	93.20205292205429
111.51506107592134	93.2892865267153
113.13708498984903	93.37354314656912
114.78270178488147	93.45473072991308
116.45225462737648	93.53279716674719
118.14609167516147	93.60772597497977
119.86456615013608	93.67953171679837
121.60803641193078	93.74825677670266
123.3768660326369	93.8139684132856
125.17142387262359	93.87675707496825
126.99208415745765	93.9367355115911
128.83922655594208	93.99403919842248
130.71323625928977	94.04882546754618
132.61450406144883	94.10126650823663
134.5434264405962	94.15153772439467
136.50040564181674	94.19980520478076
138.48584976098482	94.24621478965608
140.50017282986593	94.29088570878014
142.5437949024563	94.33390859612317
144.61714214257822	94.37534650916753
146.7206469127495	94.41523753876552
148.8547478643456	94.4535980363581
151.01989002907314	94.49042597565004
153.216524911774	94.52570485016169
155.4451105845792	94.55940758224591
157.70611178243232	94.59149962999179
160.00000000000236	94.6219413290381
162.3272535900062	94.65069007666104
164.6883578629612	94.67770086137976
167.08380518838874	94.70292513709339
169.51409509748981	94.72631024915944
171.97973438731407	94.7478005245417
174.4812372264439	94.76733968084633
177.01912526221608	94.78487331186821
179.5939277295025	94.80035103645184
182.20618156107355	94.81372701671285
184.85643149956664	94.824958142153
187.54523021108326	94.83400136231887
190.27313840043846	94.84081235556098
193.04072492808663	94.84535050947947
195.84856692874806	94.84759343435117
198.69724993176072	94.84755765260111
201.58736798318304	94.84531902178539
204.5195237696723	94.84102494121082
207.49432874416505	94.83489093794134
210.5124032533856	94.8271801228553
213.57437666720915	94.8181720317063
216.68088750990657	94.80813484149363
219.83258359329807	94.79731286785203
223.03012215184378	94.78593081153036
226.2741699796992	94.7742006977956
229.5654035697641	94.76231900523177
232.90450925475412	94.75045254950031
236.2921833503241	94.73871660656933
239.72913230027333	94.72715546737692
243.21607282386276	94.71573582503878
246.75373206527502	94.70435541891601
250.34284774524843	94.69286074469521
253.9841683149166	94.68106483192355
257.67845311188546	94.66876179154305
261.42647251858085	94.65573873352244
265.22900812289896	94.6417834397866
269.08685288119375	94.62668891298762
273.0008112836349	94.61026155297935
276.97169952197106	94.59233907468878
281.00034565973334	94.5728094945159
285.0875898049141	94.5516205284022
289.23428428515797	94.52877897901143
293.44129382550057	94.50434742987285
297.7094957286928	94.47844308857717
302.0397800581479	94.4512390439235
306.4330498235497	94.42296751224731
310.89022116916016	94.39392331116716
315.41222356486645	94.36446336830002
320.00000000000654	94.33499706129523
324.6545071800142	94.305965763389
329.3767157259242	94.27781350156681
334.16761037677935	94.25095329643936
339.02819019498156	94.22573277918457
343.95946877463007	94.20240317748473
348.9624744528898	94.18109715744599
354.03825052443415	94.1618197702388
359.187855459007	94.1444556318048
364.4123631221491	94.12879578681226
369.71286299913527	94.1145852606038
375.0904604221685	94.10158161958707
380.54627680087896	94.08958658633074
386.08144985617537	94.07841358533736
391.6971338574982	94.06785350351225
397.3944998635236	94.057683093841
403.1747359663683	94.04768951673425
409.0390475393468	94.03769067004403
414.9886574883323	94.0275470844273
421.0248065067734	94.0171651894988
427.1487533344206	94.00649150295348
433.3617750198154	93.9954961907961
439.6651671865984	93.98415594797156
446.06024430368984	93.97245756027866
452.54833995940066	93.96042049540043
459.13080713953053	93.94811648005253
465.8090185095106	93.93567416779501
472.58436670065066	93.92326767431283
479.45826460054917	93.91109460002522
486.432145647728	93.89935365309513
493.50746413055253	93.88823179644959
500.6856954904994	93.87790382449332
507.9683366298358	93.86853989549488
515.3569062237735	93.86031394125679
522.8529450371643	93.85338572417764
530.4580162458005	93.84780446032326
538.1737057623901	93.84344810596042
546.0016225672724	93.8400704688031
553.9433990439449	93.83735732430168
562.0006913194694	93.8349509027624
570.1751796098309	93.83247096084065
578.4685685703187	93.82954171679467
586.8825876510039	93.82582722786564
595.4189914573883	93.82107422585847
604.0795601162986	93.81514843228598
612.8660996471021	93.80806474070735
621.780442338323	93.80001841235773
630.8244471297356	93.7914195813656
640.0000000000159	93.78291832252896
649.3090143600314	93.77539201892985
658.7534314518515	93.769825188441
668.3352207535618	93.7670389618732
678.0563803899662	93.76751888919017
687.9189375492632	93.77145001827219
697.9249489057827	93.77880846594338
708.0765010488715	93.78943541394304
718.3757109180171	93.80309605488321
728.8247262443015	93.81951157100187
739.425725998274	93.83834430217291
750.1809208443404	93.85915000743279
761.0925536017613	93.88139905751665
772.1628997123541	93.90459656644913
783.3942677149998	93.92838725110671
794.7889997270506	93.95258908238924
806.34947193274	93.97717938639404
818.0780950786972	94.00224875923345
829.9773149766683	94.02794034711137
842.0496130135506	94.05439271933481
854.2975066688449	94.08169121025543
866.7235500396347	94.10983484323621
879.3303343732008	94.13874088713662
892.1204886073838	94.16829431432384
905.0966799188055	94.19841353686164
918.2616142790653	94.22910316712908
931.6180370190256	94.26048471140837
945.1687334013056	94.29280068569247
958.9165292011028	94.326398347523
972.8642912954606	94.36170426484372
987.0149282611097	94.39918853051962
1001.3713909810035	94.43932606599502
1015.9366732596762	94.48255727449173
1030.7138124475518	94.52923647265705
1045.7058900743334	94.5795860743741
1060.916032491606	94.63370774382085
1076.3474115247852	94.69164846259623
1092.0032451345498	94.75345698150876
1107.8867980878947	94.81920508093707
1124.0013826389438	94.8890146870439
1140.350359219667	94.96306818322046
1156.9371371406426	95.0415868302361
1173.765175302013	95.12484398420015
1190.837982914782	95.21324353552481
1208.1591202326028	95.30738271902253
1225.73219929421	95.40802065596267
1243.5608846766518	95.51594800901263
1261.648894259477	95.63186419284536
1280.0000000000375	95.75634445684487
1298.6180287200684	95.88980529258603
1317.5068629037087	96.03232038621009
1336.6704415071292	96.18345750150957
1356.112760779938	96.34215061367664
1375.8378750985323	96.50688591810571
1395.8498978115715	96.67605697382244
1416.153002097749	96.84834284984058
1436.7514218360407	97.02297996687886
1457.6494524886093	97.19992103976006
1478.8514519965543	97.37988871207554
1500.3618416886875	97.56417257052979
1522.1851072035295	97.75410205579739
1544.3257994247153	97.9504921854422
1566.788535430007	98.15362006003156
1589.5779994541087	98.36320256651598
1612.6989438654878	98.57841565128892
1636.156190157402	98.79836605243261
1659.9546299533442	99.0225737591061
1684.099226027109	99.25072560154629
1708.5950133376978	99.48186456349718
1733.4471000792773	99.71403365571089
1758.6606687464096	99.94491228670825
1784.2409772147755	100.17275610138647
1810.193359837619	100.39688293048414
1836.5232285581387	100.61771751289399
1863.2360740380593	100.83625339912508
1890.3374668026197	101.05315131979181
1917.833058402214	101.26831744137506
1945.7285825909298	101.48111809632873
1974.0298565222283	101.69088313130305
2002.7427819620161	101.89723707576867
2031.8733465193618	102.09979115142716
2061.4276248951132	102.29756826930341
2091.411780148677	102.489518331654
2121.832064983222	102.67540467913031
2152.694823049581	102.85516931277266
2184.0064902691106	103.02763313629305
2215.7735961758003	103.19085961930769
2248.002765277899	103.34384480322612
2280.7007184393456	103.48702308342239
2313.874274281297	103.62118703495001
2347.530350604038	103.74561899977591
2381.6759658295764	103.85761352497403
2416.318240465218	103.95387961652679
2451.4643985884327	104.0322361826926
2487.1217693533167	104.09227205898078
2523.2977885189675	104.1349102511877
2560.0000000000887	104.16234733442282
2597.236057440151	104.17869982396915
2635.0137258074315	104.1897127567581
2673.340883014273	104.20070225278573
2712.225521559891	104.21440538078676
2751.6757501970797	104.23138723174918
2791.699795623158	104.25156383492006
2832.3060041955137	104.27375030222518
2873.502843672097	104.29446699523518
2915.2989049772345	104.30784157685179
2957.7029039931244	104.30682999959322
3000.723683377391	104.28479413788457
3044.370214407075	104.23600664375195
3088.6515988494466	104.1546181974296
3133.57707086003	104.03285960110358
3179.1559989082334	103.85966004320491
3225.3978877309914	103.62381389396518
3272.3123803148205	103.31977390438739
3319.9092599067053	102.94774612090002
3368.198452054235	102.50676875391521
3417.190026675413	101.98808958296526
3466.8942001585724	101.3720606607603
3517.3213374928373	100.62822380271051
3568.4819544295697	99.7257053145779
3620.386719675257	98.65178471837885
3673.0464571162966	97.4242355612266
3726.472148076138	96.09201195299559
3780.6749336052594	94.72231979979622
3835.6661168044484	93.37761561067296
3891.45716518188	92.1004199202903
3948.059713044477	90.91446611196332
4005.4855639240527	89.84320809614695
4063.746693038744	88.93648112519926
4122.855249790247	88.29213007537757
4182.823560297375	88.04436184341785
4243.664129966465	88.30221090490056
4305.389646099183	89.05957380958063
4368.012980538242	90.16547494951759
4431.5471923516225	91.37370065718062
4496.00553055582	92.425398182123
4561.401436878714	93.12444467056723
4627.748548562617	93.37840854961269
4695.060701208099	93.19798225737095
4763.351931659176	92.67137659202322
4832.63648093046	91.93372782231936
4902.928797176889	91.14269312427082
4974.243538706657	90.44953272046904
5046.595577037959	89.96770831314599
5120.000000000202	89.7477712962563
5194.472114880326	89.76994555491686
5270.027451614888	89.96094643313108
5346.6817660285715	90.2355157349409
5424.451043119808	90.53074671486725
5503.351500394186	90.81198557395545
5583.399591246343	91.06237575054587
5664.612008391055	91.27461364626122
5747.005687344222	91.44764412689617
5830.597809954497	91.58483299785135
5915.405807986278	91.69559284482
6001.447366754812	91.79769013750283
6088.740428814181	91.91341022426464
6177.303197698925	92.0569488745837
6267.154141720092	92.22305612763881
6358.3119978165005	92.38908125682156
6450.795775462017	92.53226704349836
6544.624760629676	92.64608635877416
6639.818519813445	92.74547187890579
6736.396904108505	92.8614610641229
6834.380053350861	93.03025627685025
6933.788400317181	93.28088003787252
7034.642674985712	93.62589383352199
7136.963908859177	94.06107355275435
7240.773439350552	94.57323395671723
7346.092914232631	95.14417477417864
7452.944296152315	95.74346078098058
7561.349867210557	96.31833127905304
7671.332233608935	96.79502808688886
7782.914330363799	97.09337819078159
7896.119426088994	97.1429764519079
8010.971127848146	96.89558613709943
8127.49338607753	96.33444575290312
8245.710499580537	95.47894950584157
8365.647120594791	94.37844366093
8487.328259932974	93.08969018696516
8610.77929219841	91.64931804963346
8736.025961076528	90.06242694815523
8863.094384703289	88.31386671191324
8992.011061111683	86.4044385166101
9122.802873757471	84.38809666242399
9255.497097125279	82.39273877688308
9390.121402416245	80.63533842300814
9526.7038633184	79.40224905888786
9665.272961860968	78.90092102525257
9805.857594353829	79.0508287449765
9948.487077413367	79.5460908333353
10093.19115407597	80.1267246772268
10240.000000000457	80.69263139598796
10388.944229760706	81.23630417613683
10540.05490322983	81.78391372648221
10693.363532057198	82.3892658414006
10848.902086239672	83.11024870552167
11006.703000788428	83.96071568916767
11166.799182492743	84.88429530136293
11329.224016782166	85.7731715887744
11494.0113746885	86.50935961404551
11661.195619909053	87.00647139264467
11830.811615972614	87.24919307740242
12002.894733509682	87.2687655556105
12177.48085762842	87.13309533161215
12354.606395397908	86.9125225036028
12534.308283440243	86.67798643757637
12716.62399563306	86.50074150231075
12901.591550924093	86.45053118644961
13089.249521259411	86.58184779825817
13279.637039626952	86.94013131327924
13472.793808217073	87.54147008088242
13668.760106701786	88.34815799228949
13867.576800634426	89.24659374706826
14069.285349971487	90.06530209808524
14273.927817718419	90.6638121603466
14481.54687870117	90.99416216509448
14692.18582846533	91.12934429231665
14905.888592304698	91.21862571313328
15122.699734421185	91.41465863609078
15342.664467217943	91.81676492929512
15565.828660727671	92.41035482686328
15792.238852178061	93.02340354249063
16021.942255696367	93.35932923380815
16254.986772155136	93.11179356640721
16491.42099916115	92.08753741854053
16731.294241189662	90.29106804079427
16974.65651986603	87.94963102808353
17221.558584396902	85.48313757019233
17472.051922153143	83.36260871905293
17726.188769406665	81.84509530298936
17984.022122223458	80.82005397858643
18245.605747515034	79.9883673286075
18510.99419425065	79.1048071123418
18780.242804832582	77.99408009749261
19053.40772663689	76.46213974644786
19330.545923722028	74.30007130244584
19611.71518870775	71.48459614423058
19896.974154826825	68.57849529577207
20186.382308152035	66.40790425442815