20	3.8986885330141376
20.290906698750476	3.8986244173316775
20.586044732869844	3.8985606145444605
20.885475648548283	3.898497568829959
21.189261887185914	3.8984353946653423
21.49746679841394	3.898373790061211
21.810154653305165	3.8983120885332134
22.12739065777668	3.8982493106515874
22.449240966187475	3.898184215731151
22.77577269513385	3.8981153544873623
23.107053937445478	3.898041123705033
23.44315377638505	3.8979598241440736
23.784142300054445	3.897869723039949
24.130090616010463	3.897769122642306
24.481070866093134	3.897656436269681
24.837156241469714	3.8975302733359376
25.1984209978975	3.897389394108624
25.56494047120865	3.8972322540465054
25.936791093020236	3.8970569820407768
26.3140504066728	3.896861513175628
26.69679708340074	3.8966437372021763
27.08511093873791	3.896401664551388
27.47907294916184	3.896133469995315
27.878765268980047	3.8958371320049996
28.284271247461966	3.8955105194626922
28.695675446220072	3.8951515022175207
29.11306365684382	3.894757660660739
29.536522918790062	3.8943264505823127
29.966141537533712	3.893855398012647
30.402009102982383	3.8933418972567018
30.844216508158908	3.8927833296939403
31.29285596815558	3.8921769318783963
31.74802103936409	3.891519990599549
32.20980663898519	3.8908097911426913
32.67830906482211	3.890043899152201
33.153626015361866	3.889220054008884
33.63585661014871	3.888335965010285
34.125101410453844	3.8873891572890766
34.62146244024586	3.886376869868255
35.12504320746613	3.885296008452452
35.635948725613716	3.884143155846233
36.15428553564419	3.882914643238498
36.68016172818701	3.8816066859384852
37.21368696608603	3.8802155874238
37.754972507267915	3.8787378661629437
38.30413122794313	3.8771700096201065
38.86127764614443	3.8755086047645944
39.4265279456077	3.873750249754201
40.000000000000206	3.871891852011002
40.58181339750116	3.869930561146282
41.1720894657399	3.86786364108104
41.77095129709678	3.8656884355272925
42.37852377437204	3.8634024303811736
42.9949335968281	3.861003262074158
43.62030930661056	3.8584883657641007
44.25478131555359	3.8558550363343347
44.89848193237519	3.853100286550738
45.55154539026795	3.8502211280475547
46.21410787489121	3.8472144972403517
46.88630755277036	3.844077141272102
47.56828460010916	3.8408056241829844
48.260181232021196	3.837396457991466
48.962141732186545	3.833846203058169
49.674312482939705	3.83015122093546
50.39684199579528	3.8263078842539633
51.129880942417586	3.8223124422348427
51.873582186040764	3.8181608677978978
52.628100813345895	3.8138488526331327
53.393594166801776	3.8093717910276115
54.17022187747612	3.8047244275003207
54.95814589832399	3.7999009979502647
55.75753053796041	3.7948950409572193
56.56854249492426	3.7896992175179705
57.39135089244048	3.784305313938957
58.226127313687975	3.778704438331894
59.073045837580466	3.7728872506113498
59.932283075067765	3.7668438942377045
60.804018205965114	3.7605644967158756
61.68843301631817	3.7540393895301998
62.58571193631152	3.747259228658963
63.49604207872855	3.7402146726581766
64.41961327797075	3.7328961516942547
65.35661812964459	3.7252939159802367
66.3072520307241	3.7173983790299845
67.27171322029778	3.7092005904657217
68.25020282090806	3.7006923087925596
69.2429248804921	3.691866224521653
70.25008641493265	3.6827163432474044
71.27189745122783	3.6732379868772944
72.30857107128878	3.6634279711638946
73.36032345637442	3.6532849658895357
74.42737393217246	3.6428094808705893
75.50994501453623	3.6320040420777118
76.60826245588666	3.6208735586377108
77.72255529228926	3.6094253059042254
78.85305589121582	3.5976690932739817
80.00000000000082	3.5856178060080106
81.16362679500274	3.5732881194782626
82.34417893148023	3.560700781757462
83.541902594194	3.5478810347394543
84.75704754874454	3.5348593512045534
85.98986719365665	3.521672260271455
87.24061861322157	3.508362615515183
88.50956263110764	3.494979865836709
89.79696386475084	3.4815802726833733
91.10309078053635	3.4682263858790345
92.42821574978288	3.4549863222948605
93.77261510554118	3.4419329734593522
95.13656920021877	3.429143053252241
96.52036246404286	3.416695670368266
97.92428346437356	3.404669664057987
99.34862496587989	3.393140227985211
100.79368399159105	3.382175142342366
102.25976188483567	3.371831620320058
103.74716437208203	3.3621545889287154
105.25620162669229	3.3531756820417957
106.78718833360406	3.3449129067418752
108.34044375495276	3.337371414185432
109.9162917966485	3.3305442180482956
111.51506107592134	3.3244135536255466
113.13708498984903	3.318951249263932
114.78270178488147	3.3141200242844997
116.45225462737648	3.3098752884254274
118.14609167516147	3.3061665417839943
119.86456615013608	3.302939168473237
121.60803641193078	3.300136705123582
123.3768660326369	3.2977029307531405
125.17142387262359	3.295584618053137
126.99208415745765	3.2937345305531203
128.83922655594208	3.292112184134383
130.71323625928977	3.2906836882517054
132.61450406144883	3.2894212235934046
134.5434264405962	3.288302467178746
136.50040564181674	3.2873105384333225
138.48584976098482	3.286433168531575
140.50017282986593	3.2856624660766776
142.5437949024563	3.284994760242772
144.61714214257822	3.2844302609454856
146.7206469127495	3.283972536637082
148.8547478643456	3.283628091488521
151.01989002907314	3.283406608403714
153.216524911774	3.283320123280296
155.4451105845792	3.2833816732118617
157.70611178243232	3.2836039747862564
160.00000000000236	3.2839990079249404
162.3272535900062	3.2845775983271293
164.6883578629612	3.2853486730657426
167.08380518838874	3.2863184722873755
169.51409509748981	3.287490636604798
171.97973438731407	3.2888662328620044
174.4812372264439	3.290443391946407
177.01912526221608	3.2922168715867466
179.5939277295025	3.294178526038902
182.20618156107355	3.296318060688377
184.85643149956664	3.2986244293078926
187.54523021108326	3.301086222700123
190.27313840043846	3.303692757580517
193.04072492808663	3.3064352104865873
195.84856692874806	3.3093078285258124
198.69724993176072	3.3123099414554287
201.58736798318304	3.315447018244835
204.5195237696723	3.3187321926132594
207.49432874416505	3.3221864115763924
210.5124032533856	3.325837882718239
213.57437666720915	3.3297215035329204
216.68088750990657	3.3338789640937176
219.83258359329807	3.338357140326329
223.03012215184378	3.343205808310821
226.2741699796992	3.34847652678618
229.5654035697641	3.3542226030685236
232.90450925475412	3.3604984264589586
236.2921833503241	3.3673576047742295
239.72913230027333	3.374850569712214
243.21607282386276	3.383024028435854
246.75373206527502	3.391920051864103
250.34284774524843	3.4015755454823444
253.9841683149166	3.4120219956765347
257.67845311188546	3.4232845221029335
261.42647251858085	3.435382381521528
265.22900812289896	3.448329076867086
269.08685288119375	3.46213433432593
273.0008112836349	3.4768065518474116
276.97169952197106	3.492353809011892
281.00034565973334	3.508784813724055
285.0875898049141	3.526110243510026
289.23428428515797	3.5443434601824597
293.44129382550057	3.5634980323336904
297.7094957286928	3.5835859901484275
302.0397800581479	3.604614709907214
306.4330498235497	3.6265839374231588
310.89022116916016	3.649484517468642
315.41222356486645	3.6732962014428168
320.00000000000654	3.6979872843792516
324.6545071800142	3.7235145214712277
329.3767157259242	3.7498217694476392
334.16761037677935	3.7768403127382473
339.02819019498156	3.80448822087443
343.95946877463007	3.8326695388183847
348.9624744528898	3.861273007351082
354.03825052443415	3.89017368678042
359.187855459007	3.9192342944645597
364.4123631221491	3.948305473707881
369.71286299913527	3.9772261186187268
375.0904604221685	4.0058256155789635
380.54627680087896	4.033924775130363
386.08144985617537	4.0613367546741586
391.6971338574982	4.087866653496448
397.3944998635236	4.113310511863195
403.1747359663683	4.137456596767473
409.0390475393468	4.160087808148338
414.9886574883323	4.180985463176158
421.0248065067734	4.199935477611242
427.1487533344206	4.216737274212146
433.3617750198154	4.2312134804773205
439.6651671865984	4.243219827637948
446.06024430368984	4.252652947644185
452.54833995940066	4.259455858225576
459.13080713953053	4.263621513401191
465.8090185095106	4.265194597361681
472.58436670065066	4.26427150462023
479.45826460054917	4.260997321059475
486.432145647728	4.255556578199128
493.50746413055253	4.248160254126422
500.6856954904994	4.239033220048756
507.9683366298358	4.228403704019197
515.3569062237735	4.216490920130569
522.8529450371643	4.203499825145411
530.4580162458005	4.189616357011424
538.1737057623901	4.175005915887167
546.0016225672724	4.159812144581939
553.9433990439449	4.144155062665147
562.0006913194694	4.1281306967462505
570.1751796098309	4.111809451857528
578.4685685703187	4.09523575065141
586.8825876510039	4.078429616277576
595.4189914573883	4.061391128122211
604.0795601162986	4.04410996311807
612.8660996471021	4.026572288628444
621.780442338323	4.0087650025263
630.8244471297356	3.9906843063169855
640.0000000000159	3.9723428968918624
649.3090143600314	3.9537757111610246
658.7534314518515	3.9350365536373273
668.3352207535618	3.9161900075209037
678.0563803899662	3.8973069451881637
687.9189375492632	3.8784580716710453
697.9249489057827	3.8597102000104777
708.0765010488715	3.8411193734247973
718.3757109180171	3.822727101789268
728.8247262443015	3.804557979223031
739.425725998274	3.7866213011492085
750.1809208443404	3.7689137441059373
761.0925536017613	3.7514260860307207
772.1628997123541	3.734152717205586
783.3942677149998	3.717111943232156
794.7889997270506	3.700369734737992
806.34947193274	3.684068539568791
818.0780950786972	3.668450673973326
829.9773149766683	3.653856008589824
842.0496130135506	3.6407003555046593
854.2975066688449	3.629445688499366
866.7235500396347	3.6205787102099047
879.3303343732008	3.614593203571379
892.1204886073838	3.611978529842435
905.0966799188055	3.6132185115790683
918.2616142790653	3.618795580072751
931.6180370190256	3.629190893595137
945.1687334013056	3.6448843776009516
958.9165292011028	3.666342617007105
972.8642912954606	3.694002482971896
987.0149282611097	3.728227062009121
1001.3713909810035	3.769237801528174
1015.9366732596762	3.817056911250857
1030.7138124475518	3.8714828687999487
1045.7058900743334	3.932123992362357
1060.916032491606	3.998465353807908
1076.3474115247852	4.0699307439372605
1092.0032451345498	4.145932052288513
1107.8867980878947	4.225893583670351
1124.0013826389438	4.30925628655938
1140.350359219667	4.395477534647083
1156.9371371406426	4.484027068794738
1173.765175302013	4.574385117064732
1190.837982914782	4.666048918215358
1208.1591202326028	4.758545648465783
1225.73219929421	4.851455094749251
1243.5608846766518	4.94444220901119
1261.648894259477	5.037307646684528
1280.0000000000375	5.130022645172829
1298.6180287200684	5.222722400983561
1317.5068629037087	5.315672131135717
1336.6704415071292	5.4092082239085295
1356.112760779938	5.503695445576287
1375.8378750985323	5.599494136754872
1395.8498978115715	5.696934231258306
1416.153002097749	5.796310558219657
1436.7514218360407	5.8978785972090835
1457.6494524886093	6.001863157107557
1478.8514519965543	6.108470860565909
1500.3618416886875	6.217905163750545
1522.1851072035295	6.330362771947309
1544.3257994247153	6.446038504223079
1566.788535430007	6.565121206695837
1589.5779994541087	6.687796957111828
1612.6989438654878	6.814250420470942
1636.156190157402	6.944668263722834
1659.9546299533442	7.079230176713335
1684.099226027109	7.218095802672911
1708.5950133376978	7.361396934676622
1733.4471000792773	7.509265647619246
1758.6606687464096	7.661875669672882
1784.2409772147755	7.819467763567171
1810.193359837619	7.982411356968254
1836.5232285581387	8.151257582738639
1863.2360740380593	8.326776197087241
1890.3374668026197	8.509967303111852
1917.833058402214	8.702042181726018
1945.7285825909298	8.90432806967369
1974.0298565222283	9.118022422142447
2002.7427819620161	9.343839158113996
2031.8733465193618	9.581639502946729
2061.4276248951132	9.830308377361092
2091.411780148677	10.087954065215703
2121.832064983222	10.352281857117234
2152.694823049581	10.620931602964118
2184.0064902691106	10.891684299020923
2215.7735961758003	11.16253505720704
2248.002765277899	11.431670607801768
2280.7007184393456	11.697400233509477
2313.874274281297	11.958092769417506
2347.530350604038	12.212096613253946
2381.6759658295764	12.457666781251868
2416.318240465218	12.692960790794427
2451.4643985884327	12.916121788345599
2487.1217693533167	13.12548313420549
2523.2977885189675	13.319863938422804
2560.0000000000887	13.498774332973834
2597.236057440151	13.662393054135135
2635.0137258074315	13.811290980944209
2673.340883014273	13.946156090153522
2712.225521559891	14.067602847694129
2751.6757501970797	14.17606305768476
2791.699795623158	14.271780194835706
2832.3060041955137	14.354792712118126
2873.502843672097	14.424936651502522
2915.2989049772345	14.481816119248789
2957.7029039931244	14.524677869524075
3000.723683377391	14.552331329271906
3044.370214407075	14.563151236662604
3088.6515988494466	14.555227378113395
3133.57707086003	14.52684833114574
3179.1559989082334	14.477228204563232
3225.3978877309914	14.407116994411883
3272.3123803148205	14.318683474381318
3319.9092599067053	14.214812870514397
3368.198452054235	14.098310170980021
3417.190026675413	13.971466243130834
3466.8942001585724	13.83595721837013
3517.3213374928373	13.692922238071544
3568.4819544295697	13.543178838887998
3620.386719675257	13.38744003646179
3673.0464571162966	13.226493728201731
3726.472148076138	13.061333075208866
3780.6749336052594	12.893334059489595
3835.6661168044484	12.724317843184012
3891.45716518188	12.556545240000752
3948.059713044477	12.392550655406104
4005.4855639240527	12.23461756254913
4063.746693038744	12.08405922449646
4122.855249790247	11.940853016259886
4182.823560297375	11.804002226766181
4243.664129966465	11.672207657441279
4305.389646099183	11.544400871221391
4368.012980538242	11.419926818766978
4431.5471923516225	11.298541115816553
4496.00553055582	11.180312355856415
4561.401436878714	11.065439136254211
4627.748548562617	10.954230733142735
4695.060701208099	10.847077126808209
4763.351931659176	10.744386047586463
4832.63648093046	10.646696246369352
4902.928797176889	10.554633227574023
4974.243538706657	10.468726351342779
5046.595577037959	10.389331145008443
5120.000000000202	10.316484080174204
5194.472114880326	10.24994455389391
5270.027451614888	10.189351299487061
5346.6817660285715	10.13435949271091
5424.451043119808	10.084757737680357
5503.351500394186	10.04047758171761
5583.399591246343	10.001497603658828
5664.612008391055	9.967745376791779
5747.005687344222	9.939230537250019
5830.597809954497	9.91607020507099
5915.405807986278	9.898687101161844
6001.447366754812	9.888292106434383
6088.740428814181	9.887114637259886
6177.303197698925	9.898437559910068
6267.154141720092	9.925900340229155
6358.3119978165005	9.971680128985097
6450.795775462017	10.03490482344415
6544.624760629676	10.111888324881352
6639.818519813445	10.19784947366143
6736.396904108505	10.288568098077421
6834.380053350861	10.380874852466244
6933.788400317181	10.472199163466632
7034.642674985712	10.560015694817315
7136.963908859177	10.641316532044206
7240.773439350552	10.71231395478983
7346.092914232631	10.76856851938305
7452.944296152315	10.805001890898023
7561.349867210557	10.815841815683592
7671.332233608935	10.794696350183315
7782.914330363799	10.734305208436727
7896.119426088994	10.626985551702143
8010.971127848146	10.467299895599472
8127.49338607753	10.25575053549161
8245.710499580537	10.000350348179003
8365.647120594791	9.713327392146212
8487.328259932974	9.406507042100532
8610.77929219841	9.088677369273855
8736.025961076528	8.76519317518661
8863.094384703289	8.438975549297826
8992.011061111683	8.111842810016604
9122.802873757471	7.784890725746175
9255.497097125279	7.458555291506058
9390.121402416245	7.1326280410399665
9526.7038633184	6.806398933486372
9665.272961860968	6.478677227328743
9805.857594353829	6.1478564206002835
9948.487077413367	5.811741382700759
10093.19115407597	5.467237401290132
10240.000000000457	5.109979373332483
10388.944229760706	4.735682137980473
10540.05490322983	4.342988652592835
10693.363532057198	3.935845561240009
10848.902086239672	3.5244215608213643
11006.703000788428	3.1244993615062513
11166.799182492743	2.7558781891279134
11329.224016782166	2.4396493977374654
11494.0113746885	2.193204619458445
11661.195619909053	2.0245847991798356
11830.811615972614	1.9288117771306237
12002.894733509682	1.8876591037158703
12177.48085762842	1.8751036405429444
12354.606395397908	1.8655707772766184
12534.308283440243	1.8411805832532293
12716.62399563306	1.7935325681786332
12901.591550924093	1.7220598724744176
13089.249521259411	1.631918701769923
13279.637039626952	1.5314937090560679
13472.793808217073	1.4293651045092768
13668.760106701786	1.331856508859379
13867.576800634426	1.2428026177415206
14069.285349971487	1.1641943292939887
14273.927817718419	1.0965718787367955
14481.54687870117	1.0400823969644373
14692.18582846533	0.9954008237971593
14905.888592304698	0.9630763940983549
15122.699734421185	0.9425587267109315
15342.664467217943	0.9303093007601524
15565.828660727671	0.9161576452944942
15792.238852178061	0.8794531188464552
16021.942255696367	0.7908719338061784
16254.986772155136	0.6255642487838486
16491.42099916115	0.37596015067741634
16731.294241189662	0.04992874094279308
16974.65651986603	-0.3371046750843046
17221.558584396902	-0.7662823260308111
17472.051922153143	-1.2183509229851552
17726.188769406665	-1.676648842670835
17984.022122223458	-2.1297221610889223
18245.605747515034	-2.5712859327157136
18510.99419425065	-2.99966758784414
18780.242804832582	-3.4161574464698385
19053.40772663689	-3.822613712741698
19330.545923722028	-4.213627434351874
19611.71518870775	-4.561136537115998
19896.974154826825	-4.819537054483305
20186.382308152035	-4.987594665485251